image: doge_small.gif
resolution: 0.200000
origin: [-26.700000, -20.000000, 0.000000]
negate: 0
occupied_thresh: 0.65
free_thresh: 0.196
