image: doge_large.jpg
resolution: 0.200000
origin: [-65.000000, -50.800000, 0.000000]
negate: 0
occupied_thresh: 0.65
free_thresh: 0.196
